{
 "cells": [
  {
   "cell_type": "code",
   "execution_count": 19,
   "metadata": {},
   "outputs": [],
   "source": [
    "import os\n",
    "import sys\n",
    "import numpy as np\n",
    "import matplotlib\n",
    "import matplotlib.pyplot as plt\n",
    "import math"
   ]
  },
  {
   "cell_type": "code",
   "execution_count": 20,
   "metadata": {},
   "outputs": [],
   "source": [
    "#number of atoms\n",
    "natoms = 9\n",
    "nfreqs = 21\n",
    "allfreqs = 21#int((nfreqs**2+nfreqs*3)/2)"
   ]
  },
  {
   "cell_type": "code",
   "execution_count": 21,
   "metadata": {},
   "outputs": [],
   "source": [
    "#Read structure in A and atoms from Gaussian input file\n",
    "with open('freq.gjf', 'r') as f:\n",
    "    lines = f.readlines()\n",
    "struc_A_IM = lines[-natoms:]\n",
    "atoms = np.zeros(natoms,str)\n",
    "struc_A = np.zeros((natoms,3))\n",
    "for nr,i in enumerate(struc_A_IM):\n",
    "    atoms[nr] = i.split()[0]\n",
    "    struc_A[nr] = i.split()[1:]"
   ]
  },
  {
   "cell_type": "code",
   "execution_count": 22,
   "metadata": {},
   "outputs": [],
   "source": [
    "#Read structure in A from Gaussian input file\n",
    "with open('freq_td_root3.fch', 'r') as f:\n",
    "    for line in f:\n",
    "        if 'Current cartesian coordinates' in line:\n",
    "            struc_au_IM = f.readlines()[:math.ceil(natoms*3 / 5)]\n",
    "            break\n",
    "\n",
    "struc_au = []\n",
    "for i in struc_au_IM:\n",
    "    struc_au = struc_au + i.split()\n",
    "struc_au = np.array(struc_au,dtype=float).reshape(natoms,3)"
   ]
  },
  {
   "cell_type": "code",
   "execution_count": 23,
   "metadata": {},
   "outputs": [],
   "source": [
    "#Read vibrational energies\n",
    "with open('freq_td_root3.fch', 'r') as f:\n",
    "    for line in f:\n",
    "        if 'Vib-E2' in line:\n",
    "            data_IM = f.readlines()[:math.ceil( allfreqs*4 / 5)]\n",
    "            break\n",
    "\n",
    "data = []\n",
    "energies = []\n",
    "IR = []\n",
    "for i in data_IM:\n",
    "    data = data + i.split()\n",
    "energies = np.array(data[:nfreqs],dtype=float)\n",
    "IR = np.array(data[allfreqs*3:(allfreqs*3+nfreqs)],dtype=float)"
   ]
  },
  {
   "cell_type": "code",
   "execution_count": 24,
   "metadata": {},
   "outputs": [],
   "source": [
    "#Read harmonic modes\n",
    "with open('freq_td_root3.fch', 'r') as f:\n",
    "    for line in f:\n",
    "        if 'Vib-Modes' in line:\n",
    "            data_IM = f.readlines()[:math.ceil( nfreqs*natoms*3 / 5)]\n",
    "            break\n",
    "data = []\n",
    "for i in data_IM:\n",
    "    data = data + i.split()\n",
    "data = data[:nfreqs*natoms*3]\n",
    "modes = np.array(data,dtype=float).reshape(nfreqs,natoms,3)"
   ]
  },
  {
   "cell_type": "code",
   "execution_count": 25,
   "metadata": {},
   "outputs": [],
   "source": [
    "#sortlist = np.argsort(energies)\n",
    "sortlist = np.arange(nfreqs)"
   ]
  },
  {
   "cell_type": "code",
   "execution_count": 26,
   "metadata": {},
   "outputs": [],
   "source": [
    "with open ('freq.molden', 'w') as f:\n",
    "    f.write('[Molden Format]\\n')\n",
    "    f.write('[GEOMETRIES] XYZ\\n')\n",
    "    f.write('%5i' %  natoms+'\\n')\n",
    "    f.write('\\n')\n",
    "    for i in range(natoms):\n",
    "        f.write(' ' + atoms[i] + '    ' + \"%9.6f\" % struc_A[i,0] + '    ' + \"%9.6f\" % struc_A[i,1] +'    ' +  \"%9.6f\" % struc_A[i,2] + '\\n' )\n",
    "    f.write('[FREQ]\\n')\n",
    "    for i in sortlist:#range(nfreqs):\n",
    "        f.write('%10.4f' % energies[i] + '\\n')\n",
    "    f.write('[INT]\\n')\n",
    "    for i in sortlist:#range(nfreqs):\n",
    "        f.write('%10.4f' % IR[i] + '     0.0000\\n')\n",
    "    f.write('[FR-COORD]\\n')\n",
    "    for i in range(natoms):\n",
    "        f.write(' ' + atoms[i] + '    ' + \"%9.6f\" % struc_au[i,0] + '    ' + \"%9.6f\" % struc_au[i,1] +'    ' +  \"%9.6f\" % struc_au[i,2] + '\\n' )\n",
    "    f.write('[FR-NORM-COORD]\\n')\n",
    "    for nr,i in enumerate(sortlist):#range(nfreqs):\n",
    "        f.write('vibration ' + '%5i' % (nr+1) + '\\n')\n",
    "        for j in range(natoms):\n",
    "            f.write(\"%12.6f\" % modes[i,j,0] + ' ' + \"%12.6f\" % modes[i,j,1] + ' ' +  \"%12.6f\" % modes[i,j,2] + '\\n' )"
   ]
  },
  {
   "cell_type": "code",
   "execution_count": 27,
   "metadata": {},
   "outputs": [
    {
     "data": {
      "text/plain": [
       "(21, 9, 3)"
      ]
     },
     "execution_count": 27,
     "metadata": {},
     "output_type": "execute_result"
    }
   ],
   "source": [
    "np.shape(modes)"
   ]
  },
  {
   "cell_type": "code",
   "execution_count": 28,
   "metadata": {},
   "outputs": [],
   "source": [
    "mass_c = 12.000000 \n",
    "mass_o = 15.994915 \n",
    "mass_h = 1.007825 \n",
    "molecule = [mass_c] * 4 + [mass_o] + [mass_h] * 4"
   ]
  },
  {
   "cell_type": "code",
   "execution_count": 29,
   "metadata": {},
   "outputs": [
    {
     "data": {
      "text/plain": [
       "[12.0, 12.0, 12.0, 12.0, 15.994915, 1.007825, 1.007825, 1.007825, 1.007825]"
      ]
     },
     "execution_count": 29,
     "metadata": {},
     "output_type": "execute_result"
    }
   ],
   "source": [
    "molecule"
   ]
  },
  {
   "cell_type": "code",
   "execution_count": 30,
   "metadata": {},
   "outputs": [
    {
     "name": "stdout",
     "output_type": "stream",
     "text": [
      "[1.58059842 1.60079919 2.84124311 1.09205976 2.19800607 1.25497848\n",
      " 1.21890291 1.12728078 1.26460453 2.28383311 1.15179725 1.19367177\n",
      " 2.20993874 1.10646412 1.57763404 2.02246704 1.77767981 1.04905673\n",
      " 1.05152824 1.04679796 1.05419475]\n"
     ]
    }
   ],
   "source": [
    "norm = np.zeros(nfreqs)\n",
    "for imode in range(nfreqs):\n",
    "    norm[imode] = 0.0\n",
    "    #calculate norm\n",
    "    for j, atom in enumerate(molecule):\n",
    "        for xyz in range(3):\n",
    "            norm[imode] +=  modes[imode,j,xyz]**2*atom\n",
    "    norm[imode] = math.sqrt(norm[imode])\n",
    "    #print(norm[imode])\n",
    "print(norm)"
   ]
  },
  {
   "cell_type": "code",
   "execution_count": 31,
   "metadata": {},
   "outputs": [],
   "source": [
    "for imode in range(nfreqs):\n",
    "    for j, atom in enumerate(molecule):\n",
    "        for xyz in range(3):\n",
    "            modes[imode,j,xyz] /= norm[imode]/math.sqrt(atom)"
   ]
  },
  {
   "cell_type": "code",
   "execution_count": 32,
   "metadata": {},
   "outputs": [],
   "source": [
    "results = np.transpose(modes.reshape(nfreqs,27))"
   ]
  },
  {
   "cell_type": "code",
   "execution_count": 33,
   "metadata": {},
   "outputs": [
    {
     "data": {
      "text/plain": [
       "array([[ 1.00000000e+00, -1.02296504e-10,  2.00658685e-10,\n",
       "         9.83238515e-09, -1.11098532e-11,  1.72013367e-08,\n",
       "        -1.38293744e-10, -1.41510866e-10,  5.09692071e-12,\n",
       "         7.74678339e-12, -3.27408511e-14,  4.66074750e-13,\n",
       "        -3.04130805e-13,  1.27938039e-12, -8.14202910e-13,\n",
       "        -1.89765051e-12, -9.56496339e-14,  1.99464283e-12,\n",
       "        -8.65863825e-13,  1.52573177e-14, -1.76334189e-13],\n",
       "       [-1.02296504e-10,  1.00000000e+00, -1.01456777e-11,\n",
       "        -2.80687312e-10,  7.92446094e-12, -8.91977309e-10,\n",
       "         1.14023784e-08, -1.43848947e-08,  1.94316921e-12,\n",
       "         3.84960437e-12,  3.30299040e-12, -3.03063252e-13,\n",
       "         2.91061359e-12, -1.08448897e-12,  2.08857354e-13,\n",
       "        -1.04984194e-12,  1.24413009e-13,  1.21406492e-12,\n",
       "        -1.14228520e-12, -3.18897231e-13, -2.55370974e-13],\n",
       "       [ 2.00658685e-10, -1.01456777e-11,  1.00000000e+00,\n",
       "        -6.61266548e-10,  2.42034627e-10,  7.84234389e-11,\n",
       "        -4.34430157e-12, -6.23021685e-12,  3.39022497e-09,\n",
       "         5.29108273e-09, -1.53771984e-10, -2.24474746e-10,\n",
       "         9.11543620e-11, -9.51683403e-10,  2.03389170e-09,\n",
       "         2.92602240e-10,  5.88518682e-10, -4.27017802e-09,\n",
       "        -8.40051897e-11,  6.43638984e-09,  8.04332764e-12],\n",
       "       [ 9.83238515e-09, -2.80687312e-10, -6.61266548e-10,\n",
       "         1.00000000e+00, -1.89609023e-11,  3.50303007e-09,\n",
       "         6.09181837e-11,  4.18952375e-10, -6.33642394e-11,\n",
       "        -1.16601212e-10,  2.74549344e-12, -8.61746015e-12,\n",
       "        -6.54300157e-12,  2.46396552e-11, -2.36901954e-11,\n",
       "        -2.63187691e-11, -1.68754999e-11,  9.36193645e-11,\n",
       "        -3.20424603e-12, -1.28735120e-10, -4.45459052e-12],\n",
       "       [-1.11098532e-11,  7.92446094e-12,  2.42034627e-10,\n",
       "        -1.89609023e-11,  1.00000000e+00,  1.72849411e-11,\n",
       "        -2.04604225e-11, -4.39222425e-12,  3.27703358e-10,\n",
       "        -6.47602414e-11,  1.03924866e-08,  8.21156069e-09,\n",
       "         5.65676707e-09,  4.48607594e-10,  1.65733622e-10,\n",
       "        -5.95020354e-09,  3.41471922e-09,  1.51426854e-10,\n",
       "        -6.54916435e-09,  5.71712300e-11,  1.50512853e-09],\n",
       "       [ 1.72013367e-08, -8.91977309e-10,  7.84234389e-11,\n",
       "         3.50303007e-09,  1.72849411e-11,  1.00000000e+00,\n",
       "        -1.34444835e-09, -5.96812580e-10, -3.58792842e-12,\n",
       "        -9.61816597e-12,  8.00430828e-12,  6.41842663e-12,\n",
       "         5.72973618e-12, -5.48456510e-13, -2.49537759e-12,\n",
       "        -3.68290567e-12,  4.15797693e-12, -3.09031699e-12,\n",
       "        -4.39948063e-12,  4.27831200e-12,  1.05691799e-12],\n",
       "       [-1.38293744e-10,  1.14023784e-08, -4.34430157e-12,\n",
       "         6.09181837e-11, -2.04604225e-11, -1.34444835e-09,\n",
       "         1.00000000e+00, -2.84024952e-09, -5.02082177e-12,\n",
       "        -8.05535740e-12, -4.65918986e-12, -6.84663808e-12,\n",
       "        -5.13284993e-13, -9.67850171e-13, -5.73534020e-13,\n",
       "         3.36885413e-12, -2.29664012e-12,  1.51727736e-13,\n",
       "         4.62937537e-12, -8.48733316e-14, -6.32189336e-13],\n",
       "       [-1.41510866e-10, -1.43848947e-08, -6.23021685e-12,\n",
       "         4.18952375e-10, -4.39222425e-12, -5.96812580e-10,\n",
       "        -2.84024952e-09,  1.00000000e+00,  1.13891594e-12,\n",
       "         7.72438656e-13,  2.06806350e-12, -3.68276064e-12,\n",
       "         7.21958722e-12, -1.05181943e-13,  2.05528441e-12,\n",
       "        -1.16150121e-12,  2.40346042e-12,  1.13440802e-12,\n",
       "         3.38869517e-12, -7.95749488e-14,  1.98363843e-12],\n",
       "       [ 5.09692071e-12,  1.94316921e-12,  3.39022497e-09,\n",
       "        -6.33642394e-11,  3.27703358e-10, -3.58792842e-12,\n",
       "        -5.02082177e-12,  1.13891594e-12,  1.00000000e+00,\n",
       "         1.08403264e-08, -4.84756938e-10, -2.32525227e-11,\n",
       "         2.48737801e-11, -8.98280546e-10,  1.65206777e-08,\n",
       "        -3.55782228e-10, -2.31851155e-10,  6.02689904e-09,\n",
       "        -2.18275852e-10,  1.84595886e-09, -8.07797306e-11],\n",
       "       [ 7.74678339e-12,  3.84960437e-12,  5.29108273e-09,\n",
       "        -1.16601212e-10, -6.47602414e-11, -9.61816597e-12,\n",
       "        -8.05535740e-12,  7.72438656e-13,  1.08403264e-08,\n",
       "         1.00000000e+00, -1.94125909e-10,  2.70362433e-10,\n",
       "         2.13271714e-10,  2.52677298e-09, -2.20075552e-09,\n",
       "         2.88889178e-10, -1.19471688e-09,  3.87512591e-09,\n",
       "        -1.68659685e-10, -5.08063215e-09,  3.44286745e-10],\n",
       "       [-3.27408511e-14,  3.30299040e-12, -1.53771984e-10,\n",
       "         2.74549344e-12,  1.03924866e-08,  8.00430828e-12,\n",
       "        -4.65918986e-12,  2.06806350e-12, -4.84756938e-10,\n",
       "        -1.94125909e-10,  1.00000000e+00, -2.93561129e-09,\n",
       "         9.18173751e-09, -4.42672938e-10, -3.54623374e-11,\n",
       "        -1.61163430e-09,  1.31849024e-08,  2.32161670e-10,\n",
       "         2.19919299e-09,  2.82529530e-10, -9.72660133e-10],\n",
       "       [ 4.66074750e-13, -3.03063252e-13, -2.24474746e-10,\n",
       "        -8.61746015e-12,  8.21156069e-09,  6.41842663e-12,\n",
       "        -6.84663808e-12, -3.68276064e-12, -2.32525227e-11,\n",
       "         2.70362433e-10, -2.93561129e-09,  1.00000000e+00,\n",
       "        -1.41559856e-09, -5.08977723e-10,  6.72717032e-10,\n",
       "         1.32453947e-08, -6.89580722e-09, -4.42168925e-10,\n",
       "        -1.73197551e-09,  1.42980554e-10,  2.63640504e-09],\n",
       "       [-3.04130805e-13,  2.91061359e-12,  9.11543620e-11,\n",
       "        -6.54300157e-12,  5.65676707e-09,  5.72973618e-12,\n",
       "        -5.13284993e-13,  7.21958722e-12,  2.48737801e-11,\n",
       "         2.13271714e-10,  9.18173751e-09, -1.41559856e-09,\n",
       "         1.00000000e+00, -4.49846080e-11,  5.57975631e-11,\n",
       "        -3.53420063e-10, -8.20375459e-10, -1.05646215e-10,\n",
       "         5.66131725e-09, -3.85070363e-11,  8.57831578e-09],\n",
       "       [ 1.27938039e-12, -1.08448897e-12, -9.51683403e-10,\n",
       "         2.46396552e-11,  4.48607594e-10, -5.48456510e-13,\n",
       "        -9.67850171e-13, -1.05181943e-13, -8.98280546e-10,\n",
       "         2.52677298e-09, -4.42672938e-10, -5.08977723e-10,\n",
       "        -4.49846080e-11,  1.00000000e+00, -9.92495050e-11,\n",
       "         1.93562174e-10, -7.45193268e-11,  5.14249314e-10,\n",
       "         7.97001711e-11, -8.91041021e-10,  3.23830396e-10],\n",
       "       [-8.14202910e-13,  2.08857354e-13,  2.03389170e-09,\n",
       "        -2.36901954e-11,  1.65733622e-10, -2.49537759e-12,\n",
       "        -5.73534020e-13,  2.05528441e-12,  1.65206777e-08,\n",
       "        -2.20075552e-09, -3.54623374e-11,  6.72717032e-10,\n",
       "         5.57975631e-11, -9.92495050e-11,  1.00000000e+00,\n",
       "         3.78051989e-10, -8.83279352e-10,  3.94638940e-09,\n",
       "         2.96261966e-10,  4.52868276e-09,  1.37566053e-10],\n",
       "       [-1.89765051e-12, -1.04984194e-12,  2.92602240e-10,\n",
       "        -2.63187691e-11, -5.95020354e-09, -3.68290567e-12,\n",
       "         3.36885413e-12, -1.16150121e-12, -3.55782228e-10,\n",
       "         2.88889178e-10, -1.61163430e-09,  1.32453947e-08,\n",
       "        -3.53420063e-10,  1.93562174e-10,  3.78051989e-10,\n",
       "         1.00000000e+00,  3.45276352e-09,  1.97132276e-10,\n",
       "         3.65578314e-09,  2.56517613e-10,  5.52606667e-10],\n",
       "       [-9.56496339e-14,  1.24413009e-13,  5.88518682e-10,\n",
       "        -1.68754999e-11,  3.41471922e-09,  4.15797693e-12,\n",
       "        -2.29664012e-12,  2.40346042e-12, -2.31851155e-10,\n",
       "        -1.19471688e-09,  1.31849024e-08, -6.89580722e-09,\n",
       "        -8.20375459e-10, -7.45193268e-11, -8.83279352e-10,\n",
       "         3.45276352e-09,  1.00000000e+00, -4.28890019e-10,\n",
       "         2.93249595e-09,  1.50036528e-10, -5.03071591e-09],\n",
       "       [ 1.99464283e-12,  1.21406492e-12, -4.27017802e-09,\n",
       "         9.36193645e-11,  1.51426854e-10, -3.09031699e-12,\n",
       "         1.51727736e-13,  1.13440802e-12,  6.02689904e-09,\n",
       "         3.87512591e-09,  2.32161670e-10, -4.42168925e-10,\n",
       "        -1.05646215e-10,  5.14249314e-10,  3.94638940e-09,\n",
       "         1.97132276e-10, -4.28890019e-10,  1.00000000e+00,\n",
       "         4.23749954e-10,  2.78526692e-11, -7.81766361e-11],\n",
       "       [-8.65863825e-13, -1.14228520e-12, -8.40051897e-11,\n",
       "        -3.20424603e-12, -6.54916435e-09, -4.39948063e-12,\n",
       "         4.62937537e-12,  3.38869517e-12, -2.18275852e-10,\n",
       "        -1.68659685e-10,  2.19919299e-09, -1.73197551e-09,\n",
       "         5.66131725e-09,  7.97001711e-11,  2.96261966e-10,\n",
       "         3.65578314e-09,  2.93249595e-09,  4.23749954e-10,\n",
       "         1.00000000e+00, -1.52093810e-10,  2.79512778e-10],\n",
       "       [ 1.52573177e-14, -3.18897231e-13,  6.43638984e-09,\n",
       "        -1.28735120e-10,  5.71712300e-11,  4.27831200e-12,\n",
       "        -8.48733316e-14, -7.95749488e-14,  1.84595886e-09,\n",
       "        -5.08063215e-09,  2.82529530e-10,  1.42980554e-10,\n",
       "        -3.85070363e-11, -8.91041021e-10,  4.52868276e-09,\n",
       "         2.56517613e-10,  1.50036528e-10,  2.78526692e-11,\n",
       "        -1.52093810e-10,  1.00000000e+00,  8.27549312e-10],\n",
       "       [-1.76334189e-13, -2.55370974e-13,  8.04332764e-12,\n",
       "        -4.45459052e-12,  1.50512853e-09,  1.05691799e-12,\n",
       "        -6.32189336e-13,  1.98363843e-12, -8.07797306e-11,\n",
       "         3.44286745e-10, -9.72660133e-10,  2.63640504e-09,\n",
       "         8.57831578e-09,  3.23830396e-10,  1.37566053e-10,\n",
       "         5.52606667e-10, -5.03071591e-09, -7.81766361e-11,\n",
       "         2.79512778e-10,  8.27549312e-10,  1.00000000e+00]])"
      ]
     },
     "execution_count": 33,
     "metadata": {},
     "output_type": "execute_result"
    }
   ],
   "source": [
    "np.dot(results.T,results)"
   ]
  },
  {
   "cell_type": "code",
   "execution_count": 34,
   "metadata": {},
   "outputs": [
    {
     "name": "stdout",
     "output_type": "stream",
     "text": [
      "              0             1             2             3             4   \\\n",
      "0   1.000000e+00 -1.022965e-10  2.006587e-10  9.832385e-09 -1.110985e-11   \n",
      "1  -1.022965e-10  1.000000e+00 -1.014568e-11 -2.806873e-10  7.924461e-12   \n",
      "2   2.006587e-10 -1.014568e-11  1.000000e+00 -6.612665e-10  2.420346e-10   \n",
      "3   9.832385e-09 -2.806873e-10 -6.612665e-10  1.000000e+00 -1.896090e-11   \n",
      "4  -1.110985e-11  7.924461e-12  2.420346e-10 -1.896090e-11  1.000000e+00   \n",
      "5   1.720134e-08 -8.919773e-10  7.842344e-11  3.503030e-09  1.728494e-11   \n",
      "6  -1.382937e-10  1.140238e-08 -4.344302e-12  6.091818e-11 -2.046042e-11   \n",
      "7  -1.415109e-10 -1.438489e-08 -6.230217e-12  4.189524e-10 -4.392224e-12   \n",
      "8   5.096921e-12  1.943169e-12  3.390225e-09 -6.336424e-11  3.277034e-10   \n",
      "9   7.746783e-12  3.849604e-12  5.291083e-09 -1.166012e-10 -6.476024e-11   \n",
      "10 -3.274085e-14  3.302990e-12 -1.537720e-10  2.745493e-12  1.039249e-08   \n",
      "11  4.660747e-13 -3.030633e-13 -2.244747e-10 -8.617460e-12  8.211561e-09   \n",
      "12 -3.041308e-13  2.910614e-12  9.115436e-11 -6.543002e-12  5.656767e-09   \n",
      "13  1.279380e-12 -1.084489e-12 -9.516834e-10  2.463966e-11  4.486076e-10   \n",
      "14 -8.142029e-13  2.088574e-13  2.033892e-09 -2.369020e-11  1.657336e-10   \n",
      "15 -1.897651e-12 -1.049842e-12  2.926022e-10 -2.631877e-11 -5.950204e-09   \n",
      "16 -9.564963e-14  1.244130e-13  5.885187e-10 -1.687550e-11  3.414719e-09   \n",
      "17  1.994643e-12  1.214065e-12 -4.270178e-09  9.361936e-11  1.514269e-10   \n",
      "18 -8.658638e-13 -1.142285e-12 -8.400519e-11 -3.204246e-12 -6.549164e-09   \n",
      "19  1.525732e-14 -3.188972e-13  6.436390e-09 -1.287351e-10  5.717123e-11   \n",
      "20 -1.763342e-13 -2.553710e-13  8.043328e-12 -4.454591e-12  1.505129e-09   \n",
      "\n",
      "              5             6             7             8             9   ...  \\\n",
      "0   1.720134e-08 -1.382937e-10 -1.415109e-10  5.096921e-12  7.746783e-12  ...   \n",
      "1  -8.919773e-10  1.140238e-08 -1.438489e-08  1.943169e-12  3.849604e-12  ...   \n",
      "2   7.842344e-11 -4.344302e-12 -6.230217e-12  3.390225e-09  5.291083e-09  ...   \n",
      "3   3.503030e-09  6.091818e-11  4.189524e-10 -6.336424e-11 -1.166012e-10  ...   \n",
      "4   1.728494e-11 -2.046042e-11 -4.392224e-12  3.277034e-10 -6.476024e-11  ...   \n",
      "5   1.000000e+00 -1.344448e-09 -5.968126e-10 -3.587928e-12 -9.618166e-12  ...   \n",
      "6  -1.344448e-09  1.000000e+00 -2.840250e-09 -5.020822e-12 -8.055357e-12  ...   \n",
      "7  -5.968126e-10 -2.840250e-09  1.000000e+00  1.138916e-12  7.724387e-13  ...   \n",
      "8  -3.587928e-12 -5.020822e-12  1.138916e-12  1.000000e+00  1.084033e-08  ...   \n",
      "9  -9.618166e-12 -8.055357e-12  7.724387e-13  1.084033e-08  1.000000e+00  ...   \n",
      "10  8.004308e-12 -4.659190e-12  2.068063e-12 -4.847569e-10 -1.941259e-10  ...   \n",
      "11  6.418427e-12 -6.846638e-12 -3.682761e-12 -2.325252e-11  2.703624e-10  ...   \n",
      "12  5.729736e-12 -5.132850e-13  7.219587e-12  2.487378e-11  2.132717e-10  ...   \n",
      "13 -5.484565e-13 -9.678502e-13 -1.051819e-13 -8.982805e-10  2.526773e-09  ...   \n",
      "14 -2.495378e-12 -5.735340e-13  2.055284e-12  1.652068e-08 -2.200756e-09  ...   \n",
      "15 -3.682906e-12  3.368854e-12 -1.161501e-12 -3.557822e-10  2.888892e-10  ...   \n",
      "16  4.157977e-12 -2.296640e-12  2.403460e-12 -2.318512e-10 -1.194717e-09  ...   \n",
      "17 -3.090317e-12  1.517277e-13  1.134408e-12  6.026899e-09  3.875126e-09  ...   \n",
      "18 -4.399481e-12  4.629375e-12  3.388695e-12 -2.182759e-10 -1.686597e-10  ...   \n",
      "19  4.278312e-12 -8.487333e-14 -7.957495e-14  1.845959e-09 -5.080632e-09  ...   \n",
      "20  1.056918e-12 -6.321893e-13  1.983638e-12 -8.077973e-11  3.442867e-10  ...   \n",
      "\n",
      "              11            12            13            14            15  \\\n",
      "0   4.660747e-13 -3.041308e-13  1.279380e-12 -8.142029e-13 -1.897651e-12   \n",
      "1  -3.030633e-13  2.910614e-12 -1.084489e-12  2.088574e-13 -1.049842e-12   \n",
      "2  -2.244747e-10  9.115436e-11 -9.516834e-10  2.033892e-09  2.926022e-10   \n",
      "3  -8.617460e-12 -6.543002e-12  2.463966e-11 -2.369020e-11 -2.631877e-11   \n",
      "4   8.211561e-09  5.656767e-09  4.486076e-10  1.657336e-10 -5.950204e-09   \n",
      "5   6.418427e-12  5.729736e-12 -5.484565e-13 -2.495378e-12 -3.682906e-12   \n",
      "6  -6.846638e-12 -5.132850e-13 -9.678502e-13 -5.735340e-13  3.368854e-12   \n",
      "7  -3.682761e-12  7.219587e-12 -1.051819e-13  2.055284e-12 -1.161501e-12   \n",
      "8  -2.325252e-11  2.487378e-11 -8.982805e-10  1.652068e-08 -3.557822e-10   \n",
      "9   2.703624e-10  2.132717e-10  2.526773e-09 -2.200756e-09  2.888892e-10   \n",
      "10 -2.935611e-09  9.181738e-09 -4.426729e-10 -3.546234e-11 -1.611634e-09   \n",
      "11  1.000000e+00 -1.415599e-09 -5.089777e-10  6.727170e-10  1.324539e-08   \n",
      "12 -1.415599e-09  1.000000e+00 -4.498461e-11  5.579756e-11 -3.534201e-10   \n",
      "13 -5.089777e-10 -4.498461e-11  1.000000e+00 -9.924951e-11  1.935622e-10   \n",
      "14  6.727170e-10  5.579756e-11 -9.924951e-11  1.000000e+00  3.780520e-10   \n",
      "15  1.324539e-08 -3.534201e-10  1.935622e-10  3.780520e-10  1.000000e+00   \n",
      "16 -6.895807e-09 -8.203755e-10 -7.451933e-11 -8.832794e-10  3.452764e-09   \n",
      "17 -4.421689e-10 -1.056462e-10  5.142493e-10  3.946389e-09  1.971323e-10   \n",
      "18 -1.731976e-09  5.661317e-09  7.970017e-11  2.962620e-10  3.655783e-09   \n",
      "19  1.429806e-10 -3.850704e-11 -8.910410e-10  4.528683e-09  2.565176e-10   \n",
      "20  2.636405e-09  8.578316e-09  3.238304e-10  1.375661e-10  5.526067e-10   \n",
      "\n",
      "              16            17            18            19            20  \n",
      "0  -9.564963e-14  1.994643e-12 -8.658638e-13  1.525732e-14 -1.763342e-13  \n",
      "1   1.244130e-13  1.214065e-12 -1.142285e-12 -3.188972e-13 -2.553710e-13  \n",
      "2   5.885187e-10 -4.270178e-09 -8.400519e-11  6.436390e-09  8.043328e-12  \n",
      "3  -1.687550e-11  9.361936e-11 -3.204246e-12 -1.287351e-10 -4.454591e-12  \n",
      "4   3.414719e-09  1.514269e-10 -6.549164e-09  5.717123e-11  1.505129e-09  \n",
      "5   4.157977e-12 -3.090317e-12 -4.399481e-12  4.278312e-12  1.056918e-12  \n",
      "6  -2.296640e-12  1.517277e-13  4.629375e-12 -8.487333e-14 -6.321893e-13  \n",
      "7   2.403460e-12  1.134408e-12  3.388695e-12 -7.957495e-14  1.983638e-12  \n",
      "8  -2.318512e-10  6.026899e-09 -2.182759e-10  1.845959e-09 -8.077973e-11  \n",
      "9  -1.194717e-09  3.875126e-09 -1.686597e-10 -5.080632e-09  3.442867e-10  \n",
      "10  1.318490e-08  2.321617e-10  2.199193e-09  2.825295e-10 -9.726601e-10  \n",
      "11 -6.895807e-09 -4.421689e-10 -1.731976e-09  1.429806e-10  2.636405e-09  \n",
      "12 -8.203755e-10 -1.056462e-10  5.661317e-09 -3.850704e-11  8.578316e-09  \n",
      "13 -7.451933e-11  5.142493e-10  7.970017e-11 -8.910410e-10  3.238304e-10  \n",
      "14 -8.832794e-10  3.946389e-09  2.962620e-10  4.528683e-09  1.375661e-10  \n",
      "15  3.452764e-09  1.971323e-10  3.655783e-09  2.565176e-10  5.526067e-10  \n",
      "16  1.000000e+00 -4.288900e-10  2.932496e-09  1.500365e-10 -5.030716e-09  \n",
      "17 -4.288900e-10  1.000000e+00  4.237500e-10  2.785267e-11 -7.817664e-11  \n",
      "18  2.932496e-09  4.237500e-10  1.000000e+00 -1.520938e-10  2.795128e-10  \n",
      "19  1.500365e-10  2.785267e-11 -1.520938e-10  1.000000e+00  8.275493e-10  \n",
      "20 -5.030716e-09 -7.817664e-11  2.795128e-10  8.275493e-10  1.000000e+00  \n",
      "\n",
      "[21 rows x 21 columns]\n"
     ]
    }
   ],
   "source": [
    "import pandas\n",
    "from pandas import DataFrame\n",
    "print(DataFrame(np.dot(results.T,results)))"
   ]
  },
  {
   "cell_type": "code",
   "execution_count": null,
   "metadata": {},
   "outputs": [],
   "source": []
  },
  {
   "cell_type": "code",
   "execution_count": null,
   "metadata": {},
   "outputs": [],
   "source": []
  },
  {
   "cell_type": "code",
   "execution_count": null,
   "metadata": {},
   "outputs": [],
   "source": []
  }
 ],
 "metadata": {
  "kernelspec": {
   "display_name": "Python 3",
   "language": "python",
   "name": "python3"
  },
  "language_info": {
   "codemirror_mode": {
    "name": "ipython",
    "version": 3
   },
   "file_extension": ".py",
   "mimetype": "text/x-python",
   "name": "python",
   "nbconvert_exporter": "python",
   "pygments_lexer": "ipython3",
   "version": "3.7.6"
  }
 },
 "nbformat": 4,
 "nbformat_minor": 4
}
